
function cam = get_cam_calib_mar252016(camid)
% ============================ 
% Date of calibration:mar252016
% ============================ 

switch camid
case 1
cam.id='L_00';
cam.km=[1192.504524 	 0.000000 	 641.954689;
0.000000 	 1190.963449 	 490.295747;
0.000000 	 0.000000 	 1.000000];
cam.kc1=-0.212493;
cam.kc2=0.452697;
cam.trm=[1.000000 	 0.000000 	 0.000000 	 0.000000;
0.000000 	 1.000000 	 0.000000 	 0.000000;
0.000000 	 0.000000 	 1.000000 	 0.000000;
0.000000 	 0.000000 	 0.000000 	 1.000000];
case 2
cam.id='R_00';
cam.km=[2014.671530 	 0.000000 	 980.141647;
0.000000 	 2015.746073 	 566.983465;
0.000000 	 0.000000 	 1.000000];
cam.kc1=-0.014417;
cam.kc2=0.049430;
cam.trm=[        0.9996    0.0239    0.0121 -237.7600
   -0.0237    0.9995   -0.0223    8.9712
   -0.0126    0.0220    0.9997   19.3559
         0         0         0    1.0000];
% cam.trm=[0.995692 	 0.007053 	 0.092455 	 -238.748659;
% -0.006212 	 0.999937 	 -0.009380 	 8.010555;
% -0.092515 	 0.008765 	 0.995673 	 20.354239;
% 0.000000 	 0.000000 	 0.000000 	 1.000000];
% cam.trm=[    0.9927    0.0208    0.1188 -251.4902
%    -0.0205    0.9998   -0.0042    5.2612
%    -0.1189    0.0017    0.9929   28.2931
%          0         0         0    1.0000];
% cam.trm=[    0.9470    0.1201    0.2979 -207.1527
%    -0.1049    0.9922   -0.0668   26.5899
%    -0.3036    0.0320    0.9523   18.9175
%          0         0         0    1.0000];
% cam.trm=[    0.9674    0.0392    0.2502 -179.2523
%    -0.0357    0.9992   -0.0184    3.4748
%    -0.2507    0.0089    0.9680   36.4710
%          0         0         0    1.0000];
% cam.trm=[0.999070 	 0.033416 	 0.027261 	 -209.022544;
% -0.031321 	 0.996770 	 -0.073951 	 28.497801;
% -0.029644 	 0.073029 	 0.996889 	 16.972369;
% 0.000000 	 0.000000 	 -0.000000 	 1.000000];
end